----------------------
:::::::::::::::::::::::::::::::::::::::::::::::::::::::::::::::::::::::::::::::
                                     Date and Time: 2025-01-24T15:30:10.748
:::::::::::::::::::::::::::::::::::::::::::::::::::::::::::::::::::::::::::::::
cutoff = 1.0e-10, maxdim = 120, dt = 0.01, T = 1.5
Any[79.9999999999928];
79.99991836601707;
80.00019471337825;
79.99951076515303;
80.00020702717097;
80.00170489348432;
80.00310642243964;
80.00443051851695;
80.00604428098552;
80.00767780601605;
80.0199560475885;
80.02166839393266;
80.02316388757095;
80.02546827581348;
80.02915569842146;
80.03335925452218;
80.03736197300937;
80.04163114243734;
80.04615175500477;
80.0510533071743;
80.07929362884241;
80.08460943235453;
80.09033015758595;
80.09719015902016;
80.10433925849621;
80.11170695988999;
80.11954091021097;
80.12827374146804;
80.13750586775713;
80.14635734582258;
80.1769625893189;
80.18691100015627;
80.19692317534617;
80.2065985532234;
80.2163629904278;
80.22629310222045;
80.23620302492827;
80.24677393686693;
80.25775043899958;
80.26849262118982;
80.3128151477583;
80.32455041745045;
80.33711187237883;
80.35028184571698;
80.36302445583391;
80.3763375816234;
80.38939533511143;
80.40202973492255;
80.41553511470737;
80.42802899039133;
80.48754538857756;
80.49976589188746;
80.51419118147886;
80.52301643480608;
80.52701633713669;
80.5239858241979;
80.50912826319711;
80.46961933103218;
80.44080247243359;
80.40997035600283;
80.67781400321348;
80.64564637343157;
80.61382392307075;
80.57224656464174;
80.49716149100998;
80.41973131419078;
80.28997479800083;
80.18234068150349;
80.15982000150636;
80.10154955011265;
80.92782492143803;
80.84088384561315;
80.73196958090273;
80.66314101552437;
80.61010228937869;
80.58034692731307;
80.54729914537037;
80.42469572861494;
80.28947300012828;
80.15346555053814;
81.15686660446529;
80.85382238965755;
80.47105227510872;
80.1267554307157;
79.81143568527098;
79.57663527442436;
79.4148627870696;
79.28971587061712;
79.0843317772516;
78.84348047258877;
81.43933032616529;
81.15846189995654;
80.96219439874471;
80.6769302221381;
80.38657829057597;
80.11427891364002;
80.1379851896745;
80.21360889574292;
80.2865681542802;
80.33927304758566;
82.07835058828972;
81.66908438494185;
81.33983842413286;
81.0016218080404;
80.60877345252291;
80.25711186557626;
80.0190945038749;
79.67722753502262;
78.88941415586733;
78.10360364961716;
82.21620321089804;
81.4558502946754;
80.41994440207415;
79.59702964846467;
78.92389325159635;
78.03572446104081;
77.24778304467053;
76.60829178463824;
75.67353155703714;
74.25481099250857;
82.19454960748374;
80.66779778316214;
79.5168008340993;
79.05302769874199;
78.70746372146013;
78.27334902453066;
77.79548147090799;
77.11658796903896;
76.21662070338606;
75.0383992228126;
82.394469368965;
80.74700579770595;
79.37625660708429;
78.29119329842979;
77.45397704783683;
76.98808779040655;
76.32856383111599;
75.24314059269388;
74.23073094409997;
73.60103503750763;
82.67257335975879;
81.75796989007566;
80.2393341520811;
78.50226767180177;
76.48529021908092;
74.46385688343032;
73.30316721125044;
72.28454702289827;
71.73139476016917;
71.58169903570835;
83.47471392851375;
82.04136687430737;
80.041509681325;
78.18119747676567;
76.58857143931256;
75.00173287657313;
73.09561277597673;
70.97522599109841;
69.59019859771976;
69.09627277709905;
79.730130667299;
79.47820248469664;
79.647912732677;
80.46562439857973;
81.65618349274577;
82.799278352149;
83.10070841560194;
83.40775389753942;
83.36758010864081;
82.9426492931078;
79.10393301760294;
78.9985294956022;
78.69563491068646;
78.97612048066023;
79.28657318731172;
79.54458356201293;
79.54277726281313;
79.03520012542917;
77.82231974188453;
76.41365905482881;
79.31165301694303;
78.5497597617578;
78.01822599918104;
78.15926176229196;
78.97832747206391;
79.27009491935551;
78.43069334687503;
76.7698932414784;
75.23227459437553;
73.51375973861961;
79.72371006991193;
77.18220544720323;
74.21441500440652;
71.68735951455857;
69.81999874873623;
68.96083649594193;
69.10884490886036;
69.54247753860642;
69.5246289505574;
68.64192410080905;
79.86601646852864;
79.04100747392971;
78.9753012822002;
79.40488264744423;
81.23617280902216;
84.00136536509895;
85.62726976695005;
85.61532851590493;
84.0445508344377;
80.85439968808585;
79.6716003729653;
75.94440724833142;
72.8845042661271;
69.28549561348592;
66.54696129079686;
65.36028027464197;
64.12011408347125;
63.158776943081996;
62.94596728087048;
63.139184594813514;
80.11734364447383;
80.87339417139754;
82.67005070006984;
86.0490949805907;
89.98629716935132;
91.63832410510383;
91.34735412922286;
89.65382979385573;
89.50069032233189;
90.01561584758709;
82.9083307604791;
82.91470181688024;
83.39697375687795;
83.03737727233604;
81.56064894028543;
79.50429493733658;
77.27806022830924;
75.27447940964302;
73.60249439059265;
73.34876905481363;
81.31625118408806;
82.87300209439651;
83.02193811280189;
82.3423421082047;
80.3258497794857;
78.5674781453813;
76.63534406380036;
74.15822728786486;
70.48040757717268;
66.93168158974093;
79.18411643806638;
76.01353799286565;
72.7463486035789;
72.58304419961041;
73.95579636268018;
76.52526736130659;
79.22486669699367;
81.40096698479749;
85.05320788103616;
89.04585211662531;
79.64230511607903;
79.39066088880917;
78.09891201261729;
75.11091034176195;
72.11498694220964;
70.98790415951272;
69.3713078234889;
66.62964460602379;
64.31714907236805;
63.879521598300656;
79.78407668538757;
79.81494543376726;
80.52787577012658;
82.26712625438961;
82.71358790120048;
78.34912155557481;
72.1571372789201;
65.96186068733368;
63.526845461027825;
61.01070241719608;
80.24247605896461;
79.08324591719234;
78.16877604691018;
77.17885345606352;
76.248614858753;
75.2264923664642;
74.60495001478765;
74.56178776776353;
77.90840533082641;
80.89846806412088;
84.61688049165542;
81.64223586434929;
77.11814171568653;
72.10983349683306;
68.65489966938458;
66.10775201235873;
62.29813136686371;
59.18965980859566;
59.385825062788236;
62.16215445666014;
79.86997889834532;
77.6863282035539;
73.5398012298061;
69.96067241042269;
70.27760498088054;
70.82036459582785;
69.53208100796247;
67.19244288711373;
65.63091497660078;
67.40592533288162;
76.17622208230134;
76.84074586856516;
76.88863658259442;
76.57222202473974;
77.1084939591591;
79.59489325090874;
84.7489707872234;
88.32694271995719;
90.82284652253743;
90.28769995442411;
79.09615945648422;
76.81073840231936;
79.73834890672305;
83.74558537798922;
85.60483847238275;
85.06973846953186;
85.15719790668756;
80.76153497793366;
76.59302322928566;
74.65532540168277;
79.57197315698753;
85.57549674383512;
88.42904573636673;
86.4946505214686;
84.40375202667789;
80.28429557441227;
75.05340517454003;
67.25350039588335;
57.388163329213405;
47.566140275945216;
74.64300144437343;
69.93876229016523;
70.46496501704043;
67.47835755311804;
61.76218535173665;
60.124104350244046;
56.73206109985428;
45.66741602740861;
31.232371905417565;
16.84149656287031;
17.438378936721037;
-25.71935178494923;
-54.45015971423714;
-75.704379280246;
-57.29702302418892;
-14.275546917021314;
16.688407789607187;
28.723193051522315;
32.65707958441384;
46.448764610190096;
59.01754213616822;
50.34690068937482;
-11.562555342921826;
-83.41647993491827;
-158.21412318572328;
-200.59792453906843;
-249.37504649942557;
-291.57191432533574;
-331.74586994260005;
-386.455994204185;
123.0874978628212;
122.07517098793268;
113.20561383575868;
87.64843065572812;
61.05075387079676;
49.13131668994792;
43.507228995832;
38.34967716757887;
31.05380965960765;
24.43286905223502;
-62.5326986201194;
71.9286520153918;
145.02378077451417;
244.65638013276296;
377.2399665207124;
382.2775251887355;
366.2718208848511;
351.1157765881709;
234.0004672442257;
115.41958667873871;
32.955373467828615;
40.60394413905379;
91.4092164342438;
156.4356258068601;
167.1215627893146;
160.82884648144793;
153.46893375882914;
91.82427746434277;
-10.37475599424252;
-63.69814958810275;
646.1394013950879;
982.4945544983445;
562.5295235241193;
-49.8108347115978;
-295.6080600279448;
-270.31078960277915;
-169.18919568933114;
-569.743827246329;
-751.1246001015891;
-1263.599547582703;
78.47033359830577;
96.82009807727246;
106.76893967623573;
84.59456997398273;
54.56868682172577;
44.8248475366091;
44.62354851698182;
37.181467119579565;
42.13485114874921;
64.04766251944768;
74.27605969745854;
71.12158981494645;
66.53982754734494;
47.74732801211782;
38.64012775961746;
37.87969427360808;
45.20731661221411;
54.28127219842957;
54.77043332492675;
45.35336754281332;
85.86959581139087;
95.6317230320069;
98.71085821704004;
117.83897213418557;
138.2358151811686;
137.31596563836456;
121.95850386361714;
92.22376674327212;
59.4339185981709;
48.22418368309148;
73.89705883864985;
97.29482535367548;
85.59422220829569;
-3.6113180540849603;
-55.19688650923955;
-72.17872668856798;
-83.66933439628848;
-17.093027482287308;
62.564266549529236;
113.00915678868435;
79.03431468899714;
68.34318240194408;
84.25893287628655;
90.84421992443731;
104.56899066100708;
132.45267906048232;
147.22746205667065;
112.53922272456379;
54.5353061936309;
3.2266735149402437;
42.136977403987316;
22.41849585307418;
151.81274104807815;
213.48739453755095;
-20.28259696397194;
-167.82476786234923;
-98.1955524490632;
-111.01515486135982;
-226.6159234065773;
-303.1081619544324;
100.88972829507988;
131.02807144426444;
91.60782621019335;
25.23802336509643;
-15.924989411545686;
-5.24400727901552;
-8.445895932031247;
-49.67771417588996;
-100.58147182924803;
-94.00501825709023;
52.42054666824735;
17.1742212349399;
28.297410399717734;
81.18794738795722;
92.85281365014208;
82.13360114487074;
3.414169554700123;
-55.25585431213457;
-74.47442465198122;
-90.12719188507928;
123.63718550838438;
135.62453986271208;
119.10119308833096;
126.68420287445633;
102.90549809682668;
124.11937968954378;
130.628554036468;
84.62673001354835;
32.88129816972637;
2.1543131678635334;
11.671243043397636;
0.2936056131972902;
-29.801937037364763;
-99.68300802152224;
-155.2178546038968;
-161.9879505146253;
-157.61127273372887;
-131.75609042842646;
-121.66835897119712;
-120.26261755618432;
108.66374204911835;
60.51939163347939;
67.42794301571502;
91.4966503945947;
57.0596885355547;
41.884098864866004;
35.71441888233248;
30.623396151119568;
10.457956374533108;
-43.83032502044726;
139.94659962599334;
243.33402180917295;
324.5016449963907;
365.78106056058294;
408.6389196904423;
358.1838007418614;
252.89753161418543;
141.8555320934472;
67.55894072907441;
10.676523861964824;
-310.3503886293749;
-964.7764726188694;
-1562.2969095379774;
-1790.8958091221034;
-1707.807347590143;
-1190.9773582359735;
-704.231206580774;
-795.5983436352266;
-906.662744991888;
-615.9610500617163;
-389.9323651517891;
1294.4972873468894;
3547.1212345020576;
3926.492036070315;
3556.07182320516;
2162.6145996524065;
-390.1739748421693;
-4428.660917332177;
-7550.800916961724;
-9783.319131340399;
104.9425074722896;
115.08870268435993;
108.4487229503475;
84.31686178654236;
61.476178503870315;
22.39141358731628;
-3.073316701233128;
-7.113624600548623;
19.807179146725545;
51.31800459044475;
91.81434648237668;
110.352632149061;
136.88105562087642;
137.158653098629;
135.72916567259136;
124.00778605685805;
108.93271309659801;
100.2917557780637;
118.35836217914355;
121.74075059886631;
88.1699492948865;
102.97442910867441;
107.7449896561266;
100.1599311204361;
87.68926998826909;
87.32932215368814;
98.53589926018024;
115.05107976392848;
124.74557670586026;
115.11818551874663;
108.32930587640857;
103.51443383419084;
103.60889992482274;
108.49502513693002;
104.55957799112778;
89.25418776808863;
73.47574901961738;
74.85860123383198;
72.50797549514024;
63.17397541681574;
116.59881882531572;
110.00377990410466;
99.14317965418444;
92.15210382775095;
108.02736941299754;
122.4852198828492;
134.64104957075773;
105.51511686639117;
65.64840132043781;
78.09047587736362;
89.58656842187818;
91.70020444484119;
59.163764748984015;
1.4756040131055363;
-58.739960145384075;
-93.01388616742423;
-72.4313073038228;
-20.143990409746444;
41.15791470474932;
104.91401031503702;
81.13542039014843;
72.71206947527074;
53.83560748864061;
60.241394538592765;
61.50434413264834;
70.17335988906564;
70.46460467658255;
66.31150500262123;
66.80556328117812;
74.94746186504973;
86.03797169518371;
102.83888977969961;
117.19392276655385;
115.93557452153395;
106.47141155565225;
82.14114356054915;
60.13472292101758;
43.231417031046654;
26.14286971360462;
19.877796854069548;
51.104550498521895;
