----------------------
:::::::::::::::::::::::::::::::::::::::::::::::::::::::::::::::::::::::::::::::
                                     Date and Time: 2025-01-16T19:01:30.940
:::::::::::::::::::::::::::::::::::::::::::::::::::::::::::::::::::::::::::::::
cutoff = 1.0e-10, maxdim = 90, dt = 0.01, T = 1.5
Any[0.0];
0.00019998579470718956;
0.0007996132012455993;
0.0017998112877621068;
0.0031999735983180714;
0.004996788200600142;
0.007189328529981762;
0.00977749869113413;
0.012760663638689667;
0.016139491728219445;
0.02815762440170904;
0.03404185299082086;
0.040480443079455385;
0.04746893445737281;
0.05500424553257197;
0.06308002178502735;
0.07169160282192422;
0.08083723139884193;
0.09052085401604101;
0.10072805118494985;
0.11146100346451407;
0.12272189935099577;
0.13449866479383746;
0.1467867845688282;
0.15958112446453515;
0.17287871049562642;
0.18667720667151552;
0.20096890825404756;
0.21574559248580308;
0.2310271392996956;
0.2467857809251515;
0.2630179257234809;
0.2797208264719599;
0.29690118345080235;
0.3145576564204075;
0.33266963666320787;
0.35122938318729;
0.37023458026725165;
0.38969121984523725;
0.40958191029192265;
0.42991422325727413;
0.4506765862043193;
0.4718653976842179;
0.4934765848090814;
0.5155138333531838;
0.5379683183614115;
0.5608404889429597;
0.5841216247059241;
0.6078014663554424;
0.6318838013169537;
0.6563620847487738;
0.6812252488486301;
0.7064714670505178;
0.7320949599819894;
0.7580875210582432;
0.7844426712577981;
0.8111629634485156;
0.8382485159576963;
0.8656910214032263;
0.8934968631432938;
0.9216609619344557;
0.9501646258707426;
0.9790033146134389;
1.008203996379705;
1.0377828884883258;
1.0676955290450996;
1.0979527282160084;
1.1285500551106569;
1.1594971502695652;
1.1907844527178022;
1.2224319587212706;
1.2543537347699207;
1.2865868764484443;
1.3191281232270535;
1.3519737699415895;
1.3851432704781759;
1.4186127320393758;
1.4523942544559807;
1.4864729933397904;
1.52086156091002;
1.5556710627583374;
1.590668277134245;
1.6259313200506167;
1.661469543656755;
1.6972709570964535;
1.7333341175936974;
1.769666585047389;
1.8062563790469377;
1.843095745020839;
1.8801635200448437;
1.9177466905997733;
1.9553349449778001;
1.9931656638736643;
2.0312402849916684;
2.069571924998025;
2.1081863440341526;
2.14706603525256;
2.1862138442596883;
2.225618752462147;
2.2652924555045866;
2.305717687049306;
2.34585621065511;
2.3861855242323227;
2.426721211114906;
2.467484095590696;
2.508473179725746;
2.5496895980706205;
2.5910967790076755;
2.6326925385903293;
2.6744975836370832;
2.717412143680923;
2.759606190428935;
2.8020027381726544;
2.844588275622369;
2.8873273946427407;
2.930241540774122;
2.973338170892176;
3.0166124648648185;
3.0600331492830315;
3.103638063133172;
3.1489000389768154;
3.1928560638793457;
3.2369775157188614;
3.2812473184515016;
3.3258518177254754;
3.3706241332942337;
3.415577672455032;
3.460675968341577;
3.5059141045059876;
3.5513119697624567;
3.599110115810237;
3.6448756968545286;
3.690866796707907;
3.737019589735622;
3.783315757959697;
3.8297762620047857;
3.876353863809898;
3.923034118578867;
3.9698356257989684;
4.016774612306345;
4.066998072790275;
4.114295284793041;
4.161780450625507;
4.209448027643612;
4.257314415781798;
4.305344296811159;
4.353534012971025;
4.401859413130087;
4.450352367735564;
4.499023337657303;
4.551991692441727;
4.601020133975196;
4.650208549399561;
4.6995541891061325;
4.749063287700023;
4.7986989726749565;
4.8485037992559015;
4.8984622386640275;
4.948612896662635;
4.998897008674789;
5.054593117148522;
5.105195307779469;
5.155909070161932;
5.206709982550735;
5.257571083283251;
5.308545864355518;
5.359647692939713;
5.410925164919706;
5.462375565768332;
5.5140018319247375;
5.572218985875267;
5.624241517913625;
5.676440074392314;
5.728772983448854;
5.781208298086807;
5.833773121576732;
5.886478292992998;
5.939331922977377;
5.9922824395029295;
6.045298864117075;
6.1057922544537275;
6.1588908412418295;
6.2120326063712605;
6.265187639523016;
6.318364044522542;
6.3715527004441705;
6.424774026489943;
6.477982531209455;
6.531179203962763;
6.584328258686508;
6.645985329839939;
6.699049958259892;
6.752026382918057;
6.804939151130269;
6.8577875358294005;
6.910579404410764;
6.9633090362099805;
7.01596912978019;
7.068559475617054;
7.1210325217222366;
7.182686517434761;
7.234971416562212;
7.287146999176371;
7.339258293939428;
7.391297249397553;
7.443222517459576;
7.495059888322203;
7.5468275467821035;
7.598521671515263;
7.650166590025378;
7.711821314409241;
7.763265530749871;
7.8145817106961255;
7.865790111374184;
7.916905112447192;
7.967925029785258;
8.018853666244809;
8.069676299847492;
8.120442914822192;
8.171129587304877;
8.232914387668522;
8.283366431618061;
8.333797559218576;
8.384067449708787;
8.43423012785464;
8.48429867804059;
8.534209590518811;
8.583870810762017;
8.633294111237559;
8.682499791196447;
8.743986828293902;
8.792662899083197;
8.84113290865679;
8.88929435931959;
8.937135761588083;
8.984654386336935;
9.031924930609547;
9.078809806593664;
9.125314593266644;
9.171456327614369;
9.229487758180817;
9.274668381672377;
9.319638563804109;
9.364191378919209;
9.40833924063787;
9.45200289038058;
9.495291812874374;
9.53819468230771;
9.580710530860607;
9.622822860437521;
9.676000359863144;
9.717613212754982;
9.758795586939597;
9.799690352121502;
9.840239575178387;
9.880412643465565;
9.920255140868315;
9.959719882220531;
9.99879570696651;
10.037452667870411;
10.088506649372682;
10.126187171378655;
10.16357501178681;
10.200585867162587;
10.237121414336533;
10.273130711731367;
10.308650174883553;
10.343770753550784;
10.378431326419737;
10.41253313556871;
10.456668607186066;
10.490091481560032;
10.522784194264364;
10.554646212702309;
10.585911579730203;
10.616695244286067;
10.6470654940313;
10.67704870623982;
10.706470679386822;
10.7354889323865;
10.777571462312888;
10.805546380405692;
10.833094311370843;
10.860309044892523;
10.887342021708657;
10.91398414108212;
10.940291088641803;
10.966049092765228;
10.99139514818018;
11.016312176013733;
11.055215942832183;
11.078586448096045;
11.101503171304085;
11.124095360486402;
11.146337769228007;
11.168167596682471;
11.189745914405904;
11.210989424840522;
11.231746080114627;
11.251898673620394;
11.285333684784563;
11.305885454981665;
11.326215191499681;
11.345575356341643;
11.363691876323232;
11.380969212104462;
11.397698361969763;
11.414052769803124;
11.430676305246624;
11.447025120789133;
11.477027101498637;
11.491747710061292;
11.505957851159948;
11.519982599357203;
11.533383107240953;
11.5462738879975;
11.55904581797459;
11.571650602831259;
11.584145867218295;
11.596311284260896;
11.617428961767063;
11.628226091570438;
11.63805611081308;
11.647602189699422;
11.656001189497116;
11.663052820662756;
11.668618053725574;
11.67272842461716;
11.675981443273576;
11.678657920169831;
11.689193454407743;
11.691134147287027;
11.69216241216712;
11.693897262487523;
11.695420478699997;
11.696364622405994;
11.695447208785811;
11.69311283742938;
11.689978694534553;
11.686706290667466;
11.691236420364485;
11.688729886092093;
11.6860301687023;
11.682620674399752;
11.678902093516959;
11.675044132948893;
11.67091539199761;
11.665717011256115;
11.660161793380691;
11.65469208753977;
11.666215927525517;
11.662455239606984;
11.658238517575315;
11.653172742541452;
11.648121371357687;
11.643040959542995;
11.637051008963555;
11.631316856204176;
11.625184438815227;
11.618495804594145;
11.611443192589336;
11.603108763974726;
11.59497446849758;
11.586890916011;
11.578151684368777;
11.56817567483002;
11.556967066968273;
11.54467538632343;
11.530760528951427;
11.515415661821121;
11.51138165026332;
11.491658846347825;
11.471754469377386;
11.45245980834934;
11.432748648643788;
11.412680786383088;
11.392152173380522;
11.371651101333386;
11.350289811334388;
11.328422117869627;
11.30611425800335;
11.28435751335053;
11.263084674139893;
11.240585406340404;
11.21793269529665;
11.195550829180151;
11.172843890366039;
11.14896074603297;
11.124542220717025;
11.100073046940633;
11.068486465004964;
11.043480444248939;
11.017780994104335;
10.992064685469229;
10.965892311178608;
10.93885492268732;
10.910392650213558;
10.882065223149926;
10.85333161526699;
10.82376983428155;
10.790864205560606;
10.760819207362422;
10.730742494702952;
10.700549583549538;
10.66970247897057;
10.638744683027276;
10.606989715811224;
10.573793870832997;
10.538513202695992;
10.501477347737357;
10.45847604587028;
10.42570525490748;
10.38944625710521;
10.349901948768746;
10.308955598846149;
10.26608555805928;
10.222293188937126;
10.178747458083999;
10.137231711848573;
10.09762080864544;
10.071965028797957;
10.033633192671816;
9.997250629397882;
9.962121527284408;
9.926742883792274;
9.891356208793097;
9.854163479277522;
9.815820167069528;
9.776525700821969;
9.735420371336977;
9.686900425843696;
9.643503529393586;
9.600382694056758;
9.556719152392514;
9.513535315713003;
9.470446249622118;
9.42638202731989;
9.380903339573715;
9.333775077552781;
9.284081640590218;
9.2052580483545;
9.158050324928118;
9.109185878842016;
9.057545414794877;
9.005637203783065;
8.95432500132584;
8.903605626990759;
8.852587250794729;
8.800976663772593;
8.748266496323938;
8.673097676471542;
8.61928900970372;
8.564849349335356;
8.510573715286519;
8.456963560448763;
8.403505893746066;
8.350349904186924;
8.297626516679887;
8.24480693573288;
8.191633113836831;
8.132983796538337;
8.085332682524962;
8.035684845317654;
7.983250850377941;
7.928303712549712;
7.871221859232516;
7.810404182237717;
7.75016389888577;
7.693055984887298;
7.637952351906711;
7.569180801603442;
7.5123352403273085;
7.453723185827773;
7.393309021155472;
7.332551952528516;
7.271525290253684;
7.209489120142278;
7.147101628789278;
7.084110627739564;
7.019416659690263;
6.957480040714501;
6.896929333375454;
6.838993040896998;
6.783492288115974;
6.729262319326066;
6.677389130450839;
6.628769205677244;
6.581831662233545;
6.537598257532962;
6.494342031546328;
6.463382200426025;
6.410871928383208;
6.356666518647294;
6.301762696679421;
6.244442413802339;
6.1836645561307;
6.119677471682191;
6.056807271884744;
5.993445235112101;
5.927284787632374;
5.875709662746442;
5.821959733430088;
5.767495819452675;
5.711783064312022;
5.6549623244281495;
5.597161009303497;
5.537576410706955;
5.476851239595991;
5.417338764439164;
5.359539358221451;
5.284908689309187;
5.231703219657045;
5.181954086807421;
5.1346767253342405;
5.086607604960043;
5.035737997005699;
4.982401424183011;
4.927875536145512;
4.8710540686283865;
4.813384664867056;
4.76193220469492;
4.707743334664008;
4.653178795510439;
4.6006666517405055;
4.547269123114921;
4.490805578882144;
4.429239498645972;
4.365759057794072;
4.296013433997814;
4.226001261962751;
4.160008553852566;
4.095073466644683;
4.034580422121728;
3.978470479132298;
3.929151582957675;
3.888346919266274;
3.8557501443023154;
3.82315703899423;
3.7855954203746514;
3.741614143764427;
3.685411867895861;
3.632098103797165;
3.5733441516272726;
3.5151435283247214;
3.459927274430284;
3.4090227753527755;
3.36352124589069;
3.3241148088393224;
3.288286992573654;
3.245967421756314;
3.2305553105054288;
3.1807832758548154;
3.1315851794718417;
3.0793775932040846;
3.03159856729114;
2.9861219463666644;
2.9446406528012745;
2.9049170540531026;
2.86225926275126;
2.8062527295599096;
2.7217104784297996;
2.6671929162080037;
2.6188833924246864;
2.5784447941157165;
2.5410768029971806;
2.499684734277274;
2.4524464997899518;
2.402637993720037;
2.3521648636400427;
2.300376866689093;
2.276249102166219;
2.2325032210134226;
2.1923211931946747;
2.157911924528423;
2.132945848869751;
2.11163849186384;
2.086912355519515;
2.056976719438611;
2.0217760760710686;
1.985705807783618;
1.9573485560563444;
1.9253297239837441;
1.8854293442654588;
1.8471715101356363;
1.8105609207653746;
1.7771242025281198;
1.7395348744241994;
1.7066948124693802;
1.6816280787548965;
1.6568956812006843;
1.6058401181100013;
1.5635028086935723;
1.5227456030282147;
1.4848075863132242;
1.446450231927988;
1.4100219837281458;
1.3791881040534224;
1.3563984196232406;
1.3396611697069623;
1.3260607854899973;
1.2763534753062191;
1.2536507380547945;
1.2313771813206935;
1.2078412008170407;
1.1843803021037096;
1.1620978948218728;
1.1389036922090758;
1.11801709904197;
1.1005887783629407;
1.0789609505128637;
1.0427553032877557;
1.022760537312761;
0.9968188800106271;
0.9659647001100241;
0.9307606342960845;
0.8970851983277055;
0.8672715910966604;
0.8431468731724766;
0.8272040405881573;
0.8182464644236626;
0.8552682748873172;
0.855392067127593;
0.8538496845322199;
0.8511932205591706;
0.8468052179118595;
0.8384707461116889;
0.8258923130762613;
0.799940262739905;
0.7646019401196044;
0.7247350024437698;
0.6722612009948357;
0.6489601087418586;
0.628176630676183;
0.6105765452576689;
0.5912390753061376;
0.5723364911559901;
0.5552527362394023;
0.5307438089562551;
0.508524381642085;
0.4923313625728338;
0.5638517358479387;
0.5490765659555683;
0.538660144268775;
0.5382001526661755;
0.545614664344332;
0.5534844215981353;
0.5639791446962447;
0.5760306584397251;
0.5812923409809471;
0.5750030730182225;
0.49500367259146605;
0.4748671742689989;
0.4534456851094728;
0.43504542812292135;
0.42774594432364776;
0.42860456641333106;
0.4325983268380782;
0.44021299639540634;
0.447821205326612;
0.4627091023370638;
0.5106482632379833;
0.5088709627314919;
0.5132809241205508;
0.5216048675870737;
0.5330166083471765;
0.5468774424165296;
0.5590776439536816;
0.5731580457316355;
0.5840192486867205;
0.5812694249224529;
0.5496794153376448;
0.5312157936236823;
0.5121031591725443;
0.49540946701095606;
0.4809478574104044;
0.4661287835044354;
0.4615589013845042;
0.4606346999406188;
0.45749160505647896;
0.4587885082971199;
0.5137514566773586;
0.5120726779592266;
0.5035431262162963;
0.49479515264551976;
0.47967720967273625;
0.45908693721824556;
0.4431216337219853;
0.4295047154157508;
0.4312518601303592;
0.44135187041027274;
0.5173458230312543;
0.5211360068470865;
0.5217638274078976;
0.5185972774653531;
0.5128754526900249;
0.5090506632265394;
0.5119001125172071;
0.5202846714986991;
0.5324566617800086;
0.5483018117269821;
0.6184300362599485;
0.6299659657338542;
0.652256089341406;
0.6831619408475321;
0.7213280195238416;
0.7537518147293604;
0.7816891044267117;
0.8083753550195558;
0.8309848283670949;
0.8517242322489869;
0.8491709244905382;
0.8764318500182459;
0.8921301792734107;
0.9025277896513111;
0.9183971487644527;
0.9373475402908937;
0.9560938962043376;
0.973398204191608;
0.9931355398067343;
1.0066564619833454;
1.0120015940486304;
1.0271282061894373;
1.0377421684065755;
1.0469878038397615;
1.0563458994953436;
1.061823489126809;
1.0671039085950373;
1.0782834061387312;
1.0970400002227432;
1.126432022809108;
1.1381465470406225;
1.1450004078431733;
1.1529585044108372;
1.1584297740723515;
1.1634927465666467;
1.1689948518909121;
1.1804539638865619;
1.1950580020020436;
1.2063182428352686;
1.2193198276186292;
1.1901389427964468;
1.2106725511397174;
1.2320040940721357;
1.248480387448229;
1.263361743456966;
1.2814893256919062;
1.3052102258126694;
1.325648131621184;
1.3389709695143583;
1.3428266985539359;
1.3135680412959931;
1.3217688178674478;
1.3261833007946129;
1.3283881275188718;
1.3325522423470992;
1.3346689747214189;
1.335734226200383;
1.3583125119422226;
1.395789951174533;
1.4435318307676706;
1.5069903020185607;
1.545790486164697;
1.587286806976602;
1.618093359372759;
1.6466055904117674;
1.666899447457689;
1.680958117310276;
1.6863744937490588;
1.692604006279125;
1.6964949903640663;
1.6889702720473951;
1.718353615291547;
1.7469506867329845;
1.781085689966337;
1.816572402702615;
1.8428576846684002;
1.8589712101629676;
1.8760904561471539;
1.9014074747103964;
1.9196753272414087;
1.883293653987705;
1.8950162551273777;
1.9044088716088516;
1.913736973717664;
1.9354500150777212;
1.9827990720424618;
2.034864665986944;
2.0904855522234986;
2.129244193457964;
2.144481169347007;
2.1881287960905764;
2.185610456904456;
2.1869983565368685;
2.197188419751943;
2.2141397892122683;
2.240304948849843;
2.272619483289866;
2.303597419798672;
2.3327525240891624;
2.360808503729468;
2.323020568421221;
2.3454046867723974;
2.3651431360924664;
2.390034398720186;
2.418638135708982;
2.450245051132952;
2.4903384176346584;
2.545775680307388;
2.6053504591511802;
2.6796498992073974;
2.7919735664209613;
2.8093861776249582;
2.8250521769330637;
2.8478580783366625;
2.8754575723848323;
2.9116337702504165;
2.9504597094239835;
2.990517059159303;
3.0403088646315184;
3.0969764659882464;
3.2325234696409377;
3.2967944713064896;
3.350086262990332;
3.396445113840767;
3.424491236871635;
3.443626054484899;
3.4563961022429037;
3.4696612964615126;
3.477105370322483;
3.4896280971828135;
3.56815212950368;
3.5906340992240033;
3.6134709636377185;
3.6503179264746204;
3.6931951268822565;
3.74575778739763;
3.811578745359995;
3.872080540252046;
3.936240305606271;
3.987429837295323;
4.055800557440176;
4.079240285615618;
4.104826944687392;
4.131215916755629;
4.1484490241808025;
4.1630857610949565;
4.182714435822644;
4.205175201045443;
4.235117118195271;
4.266033055949646;
4.3034797591957465;
4.360113359719168;
4.414838330729314;
4.468118258076173;
4.515732025690904;
4.552838378169676;
4.571077940186616;
4.566744904375185;
4.538002697448202;
4.504105043468924;
4.462573293224022;
4.448157666501208;
4.442982554508618;
4.441628950370859;
4.455025860387738;
4.483195000661538;
4.514920263558961;
4.536798395541137;
4.549196951451409;
4.564845405562481;
4.670603160785837;
4.67768394866891;
4.6745970230768945;
4.671203359967379;
4.669785345293241;
4.664220669568453;
4.657190703319946;
4.654612148085483;
4.656006823652906;
4.668652086147303;
4.695158881404767;
4.717813568041457;
4.748112188360093;
4.776523748683195;
4.797848540326725;
4.813660679169303;
4.8231079197972795;
4.811797053400875;
4.798867542709822;
4.791266340032035;
4.86838515640706;
4.884666997101909;
4.896388097935486;
4.908021010393115;
4.9239034596493125;
4.951274310828395;
4.986409242545017;
5.025605723540405;
5.060063337548155;
5.0837633374796365;
5.04759345438091;
5.0787265812275075;
5.112463335347518;
5.127220404756021;
5.126900733006404;
5.106069826601757;
5.08135714367759;
5.054089722095124;
5.029284831054414;
4.995585414935084;
5.068415638216293;
5.06799105576482;
5.072414204853661;
5.076199604297002;
5.093284279945416;
5.121112348708658;
5.157888263440451;
5.200747802267142;
5.2366310239086955;
5.268467365747325;
5.339763558408894;
5.3890430470740815;
5.428222426377631;
5.455070428916306;
5.468693771706134;
5.473235144370851;
5.476845923858128;
5.480464737022466;
5.477626757052762;
5.4659723068909845;
5.417053955404754;
5.399825695714207;
5.370047466159618;
5.337348867895783;
5.309602496998525;
5.293825107803582;
5.286089726084201;
5.264480374785148;
5.227830642903335;
5.196228026625327;
5.309099572972482;
5.3011488682818255;
5.298483908822253;
5.293630335225637;
5.272758982018191;
5.247620887207169;
5.238800197040279;
5.254393971327242;
5.276913485320652;
5.308834219840639;
5.388996212654075;
5.428783561472952;
5.489840557948734;
5.56848369842901;
5.638724321324079;
5.703047740459383;
5.759133364008379;
5.796982321612961;
5.810341706739738;
5.796662066518511;
5.883971490407859;
5.901038509060985;
5.917977844695208;
5.929491000164941;
5.933865235155561;
5.950088493387095;
5.96713169346039;
5.975697029020228;
5.985019241975109;
5.979339429485488;
6.008494693877121;
5.941961300714304;
5.879729616241499;
5.824994542958268;
5.779815718667706;
5.745709491994395;
5.723711763170778;
5.719853080304449;
5.698944542773333;
5.6832276616855655;
5.7846208881552705;
5.802071293656948;
5.813648732956534;
5.811610250038452;
5.788601844337031;
5.756691516829251;
5.730895739599154;
5.706704096476691;
5.677106800635028;
5.644284715820265;
5.77946621572771;
5.7427456668092365;
5.6990583669410935;
5.644883955065094;
5.591167018927822;
5.545613799698115;
5.508669484390736;
5.48285128796036;
5.4837678138114745;
5.518596924994519;
5.574044126934586;
5.6012570038632985;
5.631839123938717;
5.655680744765783;
5.673309351375181;
5.686018687524451;
5.674696807026883;
5.653751430358507;
5.623086828936618;
5.57720131705999;
5.5975518150252865;
5.5374316867611935;
5.450683708200416;
5.3461958133222085;
5.249933712265008;
5.1862987761156045;
5.1685123528522805;
5.204495847940247;
5.269093455420958;
5.329070530104238;
5.4091052951352685;
5.397262907739086;
5.371086498145795;
5.3303490380710485;
5.274329783746033;
5.20561444482032;
5.141409994303512;
5.101618125868291;
5.085106986588469;
5.090189886645123;
5.190645195203502;
5.161773523011563;
5.174015387252888;
5.2209053671542085;
5.2873611983063515;
5.3440386860201246;
5.395856581554447;
5.434643220961872;
5.471777872388422;
5.49819677259634;
5.557820226819685;
5.560683630183685;
5.565107061583947;
5.571839233955738;
5.581319696551233;
5.5686028416213595;
5.5520652010499845;
5.5378071636292825;
5.531236772137787;
5.546652027951598;
5.56878026530611;
5.53924877989086;
5.531414234487917;
5.522178357872787;
5.492227784741849;
5.435871554039443;
5.357544864304141;
5.283262391650841;
5.224832731098022;
5.1803923478992715;
5.30112230294461;
5.26941244944169;
5.255453655084118;
5.2379660923327895;
5.210520195299105;
5.167893153420712;
5.100116275845245;
5.0257875271211665;
4.961119419126887;
4.913955024980698;
4.905440367052988;
4.9028696082338294;
4.886926063026906;
4.86211262468454;
4.845564397920588;
4.839210466725562;
4.836489152140534;
4.825304525318558;
4.7972541082192715;
4.745300273334822;
4.73472239081858;
4.69185320782193;
4.671646234634631;
4.674447541681662;
4.672321220408172;
4.646806086586455;
4.5872695981169365;
4.5236710885665685;
4.448187289068453;
4.353906326029874;
4.326405618567719;
4.237893950014793;
4.141348013401637;
4.050562400122937;
3.9722162844380278;
3.9154552561860587;
3.8666310547171614;
3.8325719970824346;
3.8481888427018465;
3.8738096079890236;
3.9344950040314153;
3.908853327200368;
3.8678086218690955;
3.8103652171849145;
3.7186097076941436;
3.573760963012364;
3.3991231823576653;
3.2527131487284917;
3.1251899953896904;
3.0354859889474723;
3.1809021575064786;
3.242514447919344;
3.308316622584201;
3.3626216735374213;
3.3943981853657403;
3.3901069132820836;
3.336335701183554;
3.2452077677083553;
3.121102720085688;
2.9809365641017798;
2.8623976803344666;
2.7805663915757597;
2.719966646611253;
2.6694655666148206;
2.6013544572795695;
2.5359088970570567;
2.4909404487193965;
2.4571666047650003;
2.434135457537888;
2.459793051887494;
2.651648971098985;
2.6816882480647672;
2.710723594742716;
2.743512421627251;
2.773011540389084;
2.7745329058351293;
2.7399122246833434;
2.6823924667291554;
2.6297880803051585;
2.608992690214698;
2.54221383670391;
2.567706925183507;
2.618678970109123;
2.6829421293084033;
2.7532981059250683;
2.8274722220675677;
2.9017007452984505;
2.9442013551403816;
2.9539366410081436;
2.9407376841484414;
2.9906084139669713;
2.9362362549413423;
2.8569714735487013;
2.7654795086533825;
2.695830796499372;
2.660822132896176;
2.6345897704582835;
2.597114457041876;
2.5509176621343386;
2.513056807535854;
2.550566308242846;
2.545485661470833;
2.5494868281653447;
2.553456774123345;
2.547506454235755;
2.5309711241184227;
2.4946393067446415;
2.479449185400061;
2.450130457159031;
2.4025768143107076;
2.4878807838512107;
2.4435249477606047;
2.37935888478709;
2.301682231087894;
2.2257893070851096;
2.1481894425740053;
2.0869175870020187;
2.0557592719856213;
2.035338964013947;
2.0023655057606344;
1.9467986577836347;
1.9266551858107042;
1.9034961070206582;
1.8781318919126482;
1.8554147427405931;
1.840234019102431;
1.8239693464797255;
1.7945695735175038;
1.7633941567924543;
1.7479437237421096;
1.747504869331064;
1.7873950694231844;
1.7941298106854169;
1.766579859473964;
1.7221997413658046;
1.6625803371517005;
1.5914130059558291;
1.5278723039366184;
1.501490488671518;
1.5059728780633868;
1.6048869593748063;
1.5986793555931622;
1.5896730361147164;
1.5686943448150825;
1.5443536176293537;
1.51901860771052;
1.479672168291845;
1.420571358459101;
1.3434709311206885;
1.2473548802424566;
1.1176856290002368;
1.051338742978376;
1.007126137934665;
0.9785094078402181;
0.958318715235084;
0.9501411402229768;
0.9448596616016666;
0.9430357313164698;
0.947245074796319;
0.9662745577055222;
0.9198610111565111;
0.9429205114412192;
0.9489747705084113;
0.9377056762340575;
0.9077524256828817;
0.8592561305859083;
0.7917510358760429;
0.7296961783322258;
0.7197477288271105;
0.7444940761354026;
0.9005012149066209;
