----------------------
:::::::::::::::::::::::::::::::::::::::::::::::::::::::::::::::::::::::::::::::
                                     Date and Time: 2025-01-21T11:50:56.509
:::::::::::::::::::::::::::::::::::::::::::::::::::::::::::::::::::::::::::::::
cutoff = 1.0e-10, maxdim = 120, dt = 0.01, T = 1.5
Any[79.9999999999928];
79.9997881055986;
79.99971939270904;
80.00029509522557;
80.00072246482075;
80.001032344937;
80.00153017030762;
80.00206840310045;
80.00243262358957;
80.00434942472633;
80.01993079112172;
80.02185854093602;
80.02407331023221;
80.02795030918863;
80.03122841841578;
80.03413428515722;
80.0373754471412;
80.04101796737721;
80.04543080999932;
80.04975754905769;
80.07873970874533;
80.08422697649914;
80.08990067711936;
80.09567134083082;
80.10193459159271;
80.1083899066483;
80.11524504108309;
80.12224708411156;
80.12927149323811;
80.13654755647485;
80.1753677730528;
80.18259960765027;
80.1900465541349;
80.19730430436114;
80.2047048444118;
80.21079649741694;
80.2148705843793;
80.21794812802788;
80.21936752588732;
80.21676425890618;
80.30999857497926;
80.29946783570777;
80.29282029511288;
80.28681393149994;
80.2752308606664;
80.27018488236139;
80.26686642156557;
80.26518443044857;
80.25885235879807;
80.24460280223587;
80.48545840215337;
80.45414637154701;
80.41770825223034;
80.37173799685714;
80.31658535149542;
80.24770437199204;
80.13160937480717;
79.96508238519823;
79.77306212362163;
79.5625062147332;
80.68569070526158;
80.48133752422727;
80.2288640448036;
79.89862653777968;
79.47185419418855;
79.04672287667864;
78.62866440967638;
78.13382567001119;
77.62064714626041;
77.21791037393595;
80.88990505803201;
80.46731639898175;
80.03233987261191;
79.48322998872439;
78.81179171247973;
78.25285905423257;
77.77625633234146;
77.21465890722307;
76.45676539634714;
75.5772191527506;
81.14042574152681;
80.04701226271632;
78.71306396164042;
77.43334614181487;
76.19882893895104;
75.20458889297139;
74.33379539068403;
73.47683271779692;
72.73636501171934;
71.84601220455319;
81.88726419099177;
80.22185709113725;
79.10107267197976;
77.60481710210364;
76.31378953795034;
75.59102742900964;
75.06008400872365;
74.57712456701566;
74.37172943118705;
74.528490822569;
82.25742941177576;
83.06645702333752;
83.78866119744384;
83.56144966097652;
82.16345556422448;
80.6255428848111;
79.21458464308705;
77.59354051702758;
75.79732770637983;
73.40437242923653;
81.5907344904595;
79.27643791063818;
77.3853522260587;
75.81841014843248;
74.3055099737155;
73.97889686305905;
74.85829742034173;
75.70749733677088;
76.05638890505831;
75.07478340958629;
81.98827442159242;
80.30881514036115;
77.99335609939038;
75.34685951219417;
72.93297490214914;
70.8352367649984;
69.27328698183075;
68.9266850729053;
68.39417276804059;
67.74605056302498;
77.2405710394441;
74.60352953232318;
70.96818400032264;
66.65979940418563;
62.578271076122356;
59.53111967399001;
57.78961893400971;
57.886482587272425;
59.51612857666219;
61.82775948753384;
74.82732130137583;
77.12055041017041;
78.52603807396649;
78.91905948889473;
78.72930697803112;
78.95242924823506;
79.67873235059506;
80.05145718787251;
