----------------------
:::::::::::::::::::::::::::::::::::::::::::::::::::::::::::::::::::::::::::::::
                                     Date and Time: 2025-01-16T19:01:30.940
:::::::::::::::::::::::::::::::::::::::::::::::::::::::::::::::::::::::::::::::
cutoff = 1.0e-10, maxdim = 90, dt = 0.01, T = 1.5
Any[0.0];
0.00019998579470718956;
0.0007996132012455993;
0.0017998112877621068;
0.0031999735983180714;
0.004996788200600142;
0.007189328529981762;
0.00977749869113413;
0.012760663638689667;
0.016139491728219445;
0.02815762440170904;
0.03404185299082086;
0.040480443079455385;
0.04746893445737281;
0.05500424553257197;
0.06308002178502735;
0.07169160282192422;
0.08083723139884193;
0.09052085401604101;
0.10072805118494985;
0.11146100346451407;
0.12272189935099577;
0.13449866479383746;
0.1467867845688282;
0.15958112446453515;
0.17287871049562642;
0.18667720667151552;
0.20096890825404756;
0.21574559248580308;
0.2310271392996956;
0.2467857809251515;
0.2630179257234809;
0.2797208264719599;
0.29690118345080235;
0.3145576564204075;
0.33266963666320787;
0.35122938318729;
0.37023458026725165;
0.38969121984523725;
0.40958191029192265;
0.42991422325727413;
0.4506765862043193;
0.4718653976842179;
0.4934765848090814;
0.5155138333531838;
0.5379683183614115;
0.5608404889429597;
0.5841216247059241;
0.6078014663554424;
0.6318838013169537;
0.6563620847487738;
0.6812252488486301;
0.7064714670505178;
0.7320949599819894;
0.7580875210582432;
0.7844426712577981;
0.8111629634485156;
0.8382485159576963;
0.8656910214032263;
0.8934968631432938;
0.9216609619344557;
0.9501646258707426;
0.9790033146134389;
1.008203996379705;
1.0377828884883258;
1.0676955290450996;
1.0979527282160084;
1.1285500551106569;
1.1594971502695652;
1.1907844527178022;
1.2224319587212706;
1.2543537347699207;
1.2865868764484443;
1.3191281232270535;
1.3519737699415895;
1.3851432704781759;
1.4186127320393758;
1.4523942544559807;
1.4864729933397904;
1.52086156091002;
1.5556710627583374;
1.590668277134245;
1.6259313200506167;
1.661469543656755;
1.6972709570964535;
1.7333341175936974;
1.769666585047389;
1.8062563790469377;
1.843095745020839;
1.8801635200448437;
1.9177466905997733;
1.9553349449778001;
1.9931656638736643;
2.0312402849916684;
2.069571924998025;
2.1081863440341526;
2.14706603525256;
2.1862138442596883;
2.225618752462147;
2.2652924555045866;
2.305717687049306;
2.34585621065511;
2.3861855242323227;
2.426721211114906;
2.467484095590696;
2.508473179725746;
2.5496895980706205;
2.5910967790076755;
2.6326925385903293;
2.6744975836370832;
2.717412143680923;
2.759606190428935;
2.8020027381726544;
2.844588275622369;
2.8873273946427407;
2.930241540774122;
2.973338170892176;
3.0166124648648185;
3.0600331492830315;
3.103638063133172;
3.1489000389768154;
3.1928560638793457;
3.2369775157188614;
3.2812473184515016;
3.3258518177254754;
3.3706241332942337;
3.415577672455032;
3.460675968341577;
3.5059141045059876;
3.5513119697624567;
3.599110115810237;
3.6448756968545286;
3.690866796707907;
3.737019589735622;
3.783315757959697;
3.8297762620047857;
3.876353863809898;
3.923034118578867;
3.9698356257989684;
4.016774612306345;
4.066998072790275;
4.114295284793041;
4.161780450625507;
4.209448027643612;
4.257314415781798;
4.305344296811159;
4.353534012971025;
4.401859413130087;
4.450352367735564;
4.499023337657303;
4.551991692441727;
4.601020133975196;
4.650208549399561;
4.6995541891061325;
4.749063287700023;
4.7986989726749565;
4.8485037992559015;
4.8984622386640275;
4.948612896662635;
4.998897008674789;
5.054593117148522;
5.105195307779469;
5.155909070161932;
5.206709982550735;
5.257571083283251;
5.308545864355518;
5.359647692939713;
5.410925164919706;
5.462375565768332;
5.5140018319247375;
5.572218985875267;
5.624241517913625;
5.676440074392314;
5.728772983448854;
5.781208298086807;
5.833773121576732;
5.886478292992998;
5.939331922977377;
5.9922824395029295;
6.045298864117075;
6.1057922544537275;
6.1588908412418295;
6.2120326063712605;
6.265187639523016;
6.318364044522542;
6.3715527004441705;
6.424774026489943;
6.477982531209455;
6.531179203962763;
6.584328258686508;
6.645985329839939;
6.699049958259892;
6.752026382918057;
6.804939151130269;
6.8577875358294005;
6.910579404410764;
6.9633090362099805;
7.01596912978019;
7.068559475617054;
7.1210325217222366;
7.182686517434761;
7.234971416562212;
7.287146999176371;
7.339258293939428;
7.391297249397553;
7.443222517459576;
7.495059888322203;
7.5468275467821035;
7.598521671515263;
7.650166590025378;
7.711821314409241;
7.763265530749871;
7.8145817106961255;
7.865790111374184;
7.916905112447192;
7.967925029785258;
8.018853666244809;
8.069676299847492;
8.120442914822192;
8.171129587304877;
8.232914387668522;
8.283366431618061;
8.333797559218576;
8.384067449708787;
8.43423012785464;
8.48429867804059;
8.534209590518811;
8.583870810762017;
8.633294111237559;
8.682499791196447;
8.743986828293902;
8.792662899083197;
8.84113290865679;
8.88929435931959;
8.937135761588083;
8.984654386336935;
9.031924930609547;
9.078809806593664;
9.125314593266644;
9.171456327614369;
9.229487758180817;
9.274668381672377;
9.319638563804109;
9.364191378919209;
9.40833924063787;
9.45200289038058;
9.495291812874374;
9.53819468230771;
9.580710530860607;
9.622822860437521;
9.676000359863144;
9.717613212754982;
9.758795586939597;
9.799690352121502;
9.840239575178387;
9.880412643465565;
9.920255140868315;
9.959719882220531;
9.99879570696651;
10.037452667870411;
10.088506649372682;
10.126187171378655;
10.16357501178681;
10.200585867162587;
10.237121414336533;
10.273130711731367;
10.308650174883553;
10.343770753550784;
10.378431326419737;
10.41253313556871;
10.456668607186066;
10.490091481560032;
10.522784194264364;
10.554646212702309;
10.585911579730203;
10.616695244286067;
10.6470654940313;
10.67704870623982;
10.706470679386822;
10.7354889323865;
10.777571462312888;
10.805546380405692;
10.833094311370843;
10.860309044892523;
10.887342021708657;
10.91398414108212;
10.940291088641803;
10.966049092765228;
10.99139514818018;
11.016312176013733;
11.055215942832183;
11.078586448096045;
11.101503171304085;
11.124095360486402;
11.146337769228007;
11.168167596682471;
11.189745914405904;
11.210989424840522;
11.231746080114627;
11.251898673620394;
11.285333684784563;
11.305885454981665;
11.326215191499681;
11.345575356341643;
11.363691876323232;
11.380969212104462;
11.397698361969763;
11.414052769803124;
11.430676305246624;
11.447025120789133;
11.477027101498637;
11.491747710061292;
11.505957851159948;
11.519982599357203;
11.533383107240953;
11.5462738879975;
11.55904581797459;
11.571650602831259;
11.584145867218295;
11.596311284260896;
11.617428961767063;
11.628226091570438;
11.63805611081308;
11.647602189699422;
11.656001189497116;
11.663052820662756;
11.668618053725574;
11.67272842461716;
11.675981443273576;
11.678657920169831;
11.689193454407743;
11.691134147287027;
11.69216241216712;
11.693897262487523;
11.695420478699997;
11.696364622405994;
11.695447208785811;
11.69311283742938;
11.689978694534553;
11.686706290667466;
11.691236420364485;
11.688729886092093;
11.6860301687023;
11.682620674399752;
11.678902093516959;
11.675044132948893;
11.67091539199761;
11.665717011256115;
11.660161793380691;
11.65469208753977;
11.666215927525517;
11.662455239606984;
11.658238517575315;
11.653172742541452;
11.648121371357687;
11.643040959542995;
11.637051008963555;
11.631316856204176;
11.625184438815227;
11.618495804594145;
11.611443192589336;
11.603108763974726;
11.59497446849758;
11.586890916011;
11.578151684368777;
11.56817567483002;
11.556967066968273;
11.54467538632343;
11.530760528951427;
11.515415661821121;
11.51138165026332;
11.491658846347825;
11.471754469377386;
11.45245980834934;
11.432748648643788;
11.412680786383088;
11.392152173380522;
11.371651101333386;
11.350289811334388;
11.328422117869627;
11.30611425800335;
11.28435751335053;
11.263084674139893;
11.240585406340404;
11.21793269529665;
11.195550829180151;
11.172843890366039;
11.14896074603297;
11.124542220717025;
11.100073046940633;
11.068486465004964;
11.043480444248939;
11.017780994104335;
10.992064685469229;
10.965892311178608;
10.93885492268732;
10.910392650213558;
10.882065223149926;
10.85333161526699;
10.82376983428155;
10.790864205560606;
10.760819207362422;
10.730742494702952;
10.700549583549538;
10.66970247897057;
10.638744683027276;
10.606989715811224;
10.573793870832997;
10.538513202695992;
10.501477347737357;
10.45847604587028;
10.42570525490748;
10.38944625710521;
10.349901948768746;
10.308955598846149;
10.26608555805928;
10.222293188937126;
10.178747458083999;
10.137231711848573;
10.09762080864544;
10.071965028797957;
10.033633192671816;
9.997250629397882;
9.962121527284408;
9.926742883792274;
9.891356208793097;
9.854163479277522;
9.815820167069528;
9.776525700821969;
9.735420371336977;
9.686900425843696;
9.643503529393586;
9.600382694056758;
9.556719152392514;
9.513535315713003;
9.470446249622118;
9.42638202731989;
9.380903339573715;
9.333775077552781;
9.284081640590218;
9.2052580483545;
9.158050324928118;
9.109185878842016;
9.057545414794877;
9.005637203783065;
8.95432500132584;
8.903605626990759;
8.852587250794729;
8.800976663772593;
8.748266496323938;
8.673097676471542;
8.61928900970372;
8.564849349335356;
8.510573715286519;
8.456963560448763;
8.403505893746066;
8.350349904186924;
8.297626516679887;
8.24480693573288;
8.191633113836831;
8.132983796538337;
8.085332682524962;
8.035684845317654;
7.983250850377941;
7.928303712549712;
7.871221859232516;
7.810404182237717;
7.75016389888577;
7.693055984887298;
7.637952351906711;
7.569180801603442;
7.5123352403273085;
7.453723185827773;
7.393309021155472;
7.332551952528516;
7.271525290253684;
7.209489120142278;
7.147101628789278;
7.084110627739564;
7.019416659690263;
6.957480040714501;
6.896929333375454;
6.838993040896998;
6.783492288115974;
6.729262319326066;
6.677389130450839;
6.628769205677244;
6.581831662233545;
6.537598257532962;
6.494342031546328;
6.463382200426025;
6.410871928383208;
6.356666518647294;
6.301762696679421;
6.244442413802339;
6.1836645561307;
6.119677471682191;
6.056807271884744;
5.993445235112101;
5.927284787632374;
5.875709662746442;
5.821959733430088;
5.767495819452675;
5.711783064312022;
5.6549623244281495;
5.597161009303497;
5.537576410706955;
5.476851239595991;
5.417338764439164;
5.359539358221451;
5.284908689309187;
5.231703219657045;
5.181954086807421;
5.1346767253342405;
5.086607604960043;
5.035737997005699;
4.982401424183011;
4.927875536145512;
4.8710540686283865;
4.813384664867056;
4.76193220469492;
4.707743334664008;
4.653178795510439;
4.6006666517405055;
4.547269123114921;
4.490805578882144;
4.429239498645972;
4.365759057794072;
4.296013433997814;
4.226001261962751;
4.160008553852566;
4.095073466644683;
4.034580422121728;
3.978470479132298;
3.929151582957675;
3.888346919266274;
3.8557501443023154;
3.82315703899423;
3.7855954203746514;
3.741614143764427;
3.685411867895861;
3.632098103797165;
3.5733441516272726;
3.5151435283247214;
3.459927274430284;
3.4090227753527755;
3.36352124589069;
3.3241148088393224;
3.288286992573654;
3.245967421756314;
3.2305553105054288;
3.1807832758548154;
3.1315851794718417;
3.0793775932040846;
3.03159856729114;
2.9861219463666644;
2.9446406528012745;
2.9049170540531026;
2.86225926275126;
2.8062527295599096;
2.7217104784297996;
2.6671929162080037;
2.6188833924246864;
2.5784447941157165;
2.5410768029971806;
2.499684734277274;
2.4524464997899518;
2.402637993720037;
2.3521648636400427;
2.300376866689093;
2.276249102166219;
2.2325032210134226;
2.1923211931946747;
2.157911924528423;
2.132945848869751;
2.11163849186384;
2.086912355519515;
2.056976719438611;
2.0217760760710686;
1.985705807783618;
1.9573485560563444;
1.9253297239837441;
1.8854293442654588;
1.8471715101356363;
1.8105609207653746;
1.7771242025281198;
1.7395348744241994;
1.7066948124693802;
1.6816280787548965;
1.6568956812006843;
1.6058401181100013;
1.5635028086935723;
1.5227456030282147;
1.4848075863132242;
1.446450231927988;
1.4100219837281458;
1.3791881040534224;
1.3563984196232406;
1.3396611697069623;
1.3260607854899973;
1.2763534753062191;
1.2536507380547945;
1.2313771813206935;
1.2078412008170407;
1.1843803021037096;
1.1620978948218728;
1.1389036922090758;
1.11801709904197;
1.1005887783629407;
1.0789609505128637;
1.0427553032877557;
1.022760537312761;
0.9968188800106271;
0.9659647001100241;
0.9307606342960845;
0.8970851983277055;
0.8672715910966604;
0.8431468731724766;
0.8272040405881573;
0.8182464644236626;
