----------------------
:::::::::::::::::::::::::::::::::::::::::::::::::::::::::::::::::::::::::::::::
                                     Date and Time: 2025-01-27T16:09:54.769
:::::::::::::::::::::::::::::::::::::::::::::::::::::::::::::::::::::::::::::::
cutoff = 1.0e-10, maxdim = 120, dt = 0.01, T = 1.5
Any[99.99999999999099];
99.99967862756651;
99.99966297481551;
99.99798236620954;
99.99849278280692;
99.99871988962104;
99.99962631959924;
100.00080828770875;
100.00179060700161;
100.00253932531893;
100.0200352235236;
100.02172483622456;
100.022916786125;
100.02407743039026;
100.02785196420241;
100.03176642020254;
100.03576964443663;
100.03975856255441;
100.04320276706422;
100.04671965067008;
100.07910124111808;
100.08430537421211;
100.08944467266937;
100.09511070201806;
100.10160949768408;
100.10807334024318;
100.11500846164603;
100.12268236426381;
100.1323151376077;
100.14203081355322;
100.1775175211114;
100.18671752132074;
100.19627730964841;
100.20584013396346;
100.21466742398032;
100.22220454027297;
100.23099521383276;
100.24069703876046;
100.25246195590668;
100.26412682375037;
100.31372236657195;
100.3264702392851;
100.33992417709982;
100.35472524031533;
100.37420969749685;
100.39209686715498;
100.40591010448244;
100.41631305495434;
100.42360328167216;
100.42993156318704;
100.48584779445676;
100.4621751274901;
100.43619802161659;
100.39802812420291;
100.36171917392885;
100.3631566843043;
100.3453648133584;
100.27677860418765;
100.17650236177823;
99.99840060225489;
100.66099044838948;
100.55201714416903;
100.47388832204638;
100.41319532178646;
100.32428439178808;
----------------------
:::::::::::::::::::::::::::::::::::::::::::::::::::::::::::::::::::::::::::::::
                                     Date and Time: 2025-01-27T17:00:52.353
:::::::::::::::::::::::::::::::::::::::::::::::::::::::::::::::::::::::::::::::
cutoff = 1.0e-10, maxdim = 120, dt = 0.01, T = 1.5
Any[99.99999999999099];
99.99967862756651;
99.99966297481551;
99.99798236620954;
99.99849278280692;
99.99871988962104;
99.99962631959924;
100.00080828770875;
100.00179060700161;
100.00253932531893;
100.0200352235236;
100.02172483622456;
100.022916786125;
100.02407743039026;
100.02785196420241;
100.03176642020254;
100.03576964443663;
100.03975856255441;
100.04320276706422;
100.04671965067008;
100.07910124111808;
100.08430537421211;
100.08944467266937;
100.09511070201806;
100.10160949768408;
100.10807334024318;
100.11500846164603;
100.12268236426381;
100.1323151376077;
100.14203081355322;
100.1775175211114;
100.18671752132074;
100.19627730964841;
100.20584013396346;
100.21466742398032;
100.22220454027297;
100.23099521383276;
100.24069703876046;
100.25246195590668;
100.26412682375037;
100.31372236657195;
100.3264702392851;
100.33992417709982;
100.35472524031533;
100.37420969749685;
100.39209686715498;
100.40591010448244;
100.41631305495434;
100.42360328167216;
100.42993156318704;
100.48584779445676;
100.4621751274901;
100.43619802161659;
100.39802812420291;
100.36171917392885;
100.3631566843043;
100.3453648133584;
100.27677860418765;
