----------------------
:::::::::::::::::::::::::::::::::::::::::::::::::::::::::::::::::::::::::::::::
                                     Date and Time: 2025-01-20T19:46:48.138
:::::::::::::::::::::::::::::::::::::::::::::::::::::::::::::::::::::::::::::::
cutoff = 1.0e-10, maxdim = 120, dt = 0.01, T = 1.5
Any[79.9999999999928];
79.99990047492963;
79.99994536087053;
80.00055160865858;
80.0012789605488;
80.00198786521419;
80.00306144336643;
80.00389592739785;
80.004531255538;
80.00625788260382;
113.15064085874857;
113.15390162838334;
113.15762983500402;
113.16302270667065;
113.1683613470218;
113.17277658388859;
113.17764570278558;
113.18303971890563;
113.1891448322823;
113.19523851188548;
113.2044173897424;
113.21270439646935;
113.22135814185131;
113.22944207107105;
113.23833676095427;
113.24773132807114;
113.25791261021713;
113.26819915116086;
113.27868600690785;
113.28904021926994;
113.30161085053032;
113.31188763316601;
113.3226938025067;
113.33328009193717;
113.34401145049543;
113.35355992698851;
113.36177663306044;
113.36787389634453;
113.37136944292318;
113.36934407378745;
113.36271442445215;
113.34930747841726;
113.33750148492372;
113.33070170150305;
113.30951632733023;
113.29955612371486;
113.29130930122588;
113.28788829118827;
113.28611328042507;
113.27130589010791;
113.24154383276912;
113.2060892191577;
113.16666261038858;
113.12681858434365;
113.07692158642895;
112.99907013997975;
112.8559485792391;
112.62798213952793;
112.35475539460913;
112.07664718374365;
111.75221093816974;
111.42608792232626;
111.03962189753497;
110.6870883167905;
110.32114451016793;
109.91003943439668;
109.42916889456895;
108.97434933624457;
108.46498732074687;
107.99490623983507;
107.62167028560933;
107.1215389411754;
106.38081314826587;
105.68681820438073;
105.04283574486182;
104.43256414697525;
103.85092955384907;
103.0899220170935;
102.10444285856855;
100.74518465961758;
99.37424243450509;
98.50841578543226;
97.48960591423008;
96.68146197703301;
95.80694957267012;
94.91085445119603;
93.90567509309247;
93.0899587422701;
92.28117938515244;
91.51035119548456;
90.77810265679383;
89.91574903136306;
89.54710890256483;
89.15638806247098;
88.79755742547917;
88.34822790352975;
87.72003663533053;
87.21230237569353;
86.9338523235206;
86.66288312420859;
86.14643062742076;
85.74583636334073;
85.39236451886894;
84.62988896681061;
83.48382723221289;
82.25069588444649;
80.73538046212927;
78.84735538935686;
77.17638856383374;
75.5241439674596;
74.03563450298847;
72.313867329568;
71.12606883719897;
70.42322979491044;
70.27153908055048;
69.97133826445946;
69.70142848349236;
69.45439587005666;
69.10928269956779;
68.23178656597182;
67.24779576095933;
65.8585411777865;
64.52779278007733;
63.91534816829207;
63.47510558071238;
63.405568164154246;
63.39100620824172;
62.85382390456162;
62.15923507204689;
61.44275214418472;
60.72395502670551;
59.46514469956628;
58.92871610135632;
58.58258483286726;
58.588948480648156;
58.874763729714466;
59.41175939135434;
59.27721567296564;
58.584247663889705;
57.7794733526321;
57.045255717525215;
55.90936541290187;
55.4530135670184;
55.240869353641145;
54.638276343109666;
53.83816775045106;
52.98881277889328;
52.34807333193244;
51.920974597754444;
51.63995551511868;
51.84815003990626;
51.641883349165425;
52.01627504443968;
52.36936459774212;
53.21982244895858;
54.127509541333;
55.55320480434725;
56.937123329637906;
57.60402740276148;
57.7171569921815;
57.17805670740362;
57.2415323438079;
57.25947424115306;
56.958262573464346;
56.63532995214676;
56.359630352073346;
56.73065741429617;
57.25914611260992;
58.07536369422566;
58.81988261582292;
59.73911090191232;
59.344695498720284;
59.03321131702575;
58.30836062954736;
56.99666456932882;
55.944845507925436;
55.59685682439828;
55.627862927212654;
56.314752130364596;
57.21028678872307;
57.927714312498814;
57.45599362039885;
57.058145559319655;
55.62622825884081;
52.73728138365223;
49.691432754106856;
46.79117002568502;
44.82791197745474;
43.73277087204587;
43.669498437727036;
45.25076882313054;
45.53705475371065;
45.98522792694529;
46.953217288909556;
47.87043106140671;
48.431396606444174;
48.43668849638472;
48.213059022167094;
47.97484939749164;
48.14732152005403;
49.64596251651423;
49.95541921477307;
49.63286386777511;
48.80117656963844;
47.865191394235566;
47.74523611022466;
47.78277388185824;
47.823232032314536;
47.87546333029452;
48.25581023678199;
48.994386495531195;
49.507559472565106;
49.764466396689116;
50.02790414675957;
50.262574437690155;
50.2519009844599;
50.38659900081086;
51.4307302187444;
52.75228449289136;
53.70614622572674;
54.39757493250698;
54.02867945428028;
53.59701871102557;
53.46067663252234;
53.28882003028946;
52.84758623375844;
52.83181677465226;
53.23464142820795;
53.51734742170333;
53.4834163688398;
54.206085536391406;
55.18158007825814;
56.06254613085785;
55.84075919992791;
55.00466331288631;
53.71713026520392;
52.309762300877495;
50.66197936802374;
48.60915766533758;
46.614588491828414;
46.39849501471811;
47.30050536228243;
47.88787088764405;
48.433566964707424;
49.42933066061731;
49.996977171415324;
50.007339912688764;
49.73590994410169;
49.33520804712069;
48.94681163476131;
49.03261178370738;
48.23165816747283;
46.750642235746554;
45.01974587518753;
44.46543554400462;
44.809284066902;
44.90870428994527;
45.16136266107048;
45.33062981421145;
45.51437140006148;
46.24118167820078;
46.72670538377823;
47.99112849640884;
48.75932091563319;
49.35816961719979;
49.151664208191875;
49.01732257084096;
48.988753930774834;
48.84882559707576;
48.3418655710281;
47.94036253552904;
48.31410948846817;
48.68544969306758;
48.66804542785862;
48.66925374181897;
48.65142962772955;
48.444117713529614;
48.018886236319595;
47.10653363244708;
46.672899677692776;
47.23170699281498;
47.93456307353331;
48.893288389993245;
49.95119780525443;
51.407890619891226;
52.538463961452585;
52.69277021465214;
52.68911737645477;
52.330057540409825;
51.7979074021339;
51.155033147495985;
50.713226152044435;
49.696824715115966;
49.529154660378765;
49.514164535527655;
48.6858630829339;
47.43274393131169;
46.830819882567305;
46.9815845731279;
46.84566225034936;
47.08981459098781;
45.80092169123694;
44.05414725503261;
42.1474255049897;
40.95786959863547;
40.21068361494429;
39.69370029065888;
39.81199522168019;
39.87936694972776;
40.135465212588976;
40.599615378649105;
41.243518550891324;
41.057867657178434;
40.45691362906183;
39.88872411858395;
39.856213002985974;
40.71999703774283;
42.123703968488684;
44.007480761125684;
45.788669920854595;
47.08022156272791;
46.4224000450818;
45.705732488835565;
45.03312391078073;
45.108488748855805;
45.90882381630472;
46.2732258117903;
46.21451097882162;
46.254694148459784;
46.608232268387745;
46.503991460561906;
45.47964761419718;
44.63113106321869;
43.85059943043358;
42.869475176238915;
41.19962903395777;
39.8291032216279;
39.284663687724326;
39.438876306117265;
39.48662545732871;
40.018519060568096;
40.79258183084032;
42.384559230283;
42.43057622154605;
42.588108080749684;
42.96774391455258;
42.92950895957742;
42.74787610352592;
42.69339389606977;
41.924285526885825;
41.6685080516825;
40.616575129279454;
40.100789835604324;
39.68355055805418;
39.44153871672937;
39.44762110345289;
39.18672457506405;
38.82649433504052;
38.89971160560696;
39.34302038306939;
39.99762582114012;
40.60541066135598;
41.70698567700844;
42.7064225843735;
43.264071013652206;
43.84040707758631;
43.16865468623809;
